Id,SalePrice
1461,125766.05629487145
1462,159944.40562167775
1463,175218.7661086332
1464,180255.41757321847
1465,197708.08100336572
1466,167199.23350943188
1467,188645.27942522164
1468,152898.7782923055
1469,178119.27144105488
1470,114165.87044645769
1471,184099.47256043195
1472,98933.46986269242
1473,96887.26135545094
1474,145644.85937384193
1475,117232.75181134678
1476,352469.9544726137
1477,250846.55367296797
1478,265160.3358821662
1479,264715.4708765689
1480,510828.78633555636
1481,285608.0350575509
1482,197021.92242808486
1483,175243.8855989204
1484,163003.64869268067
1485,169570.29931785312
1486,179705.25411728863
1487,322183.7840514166
1488,218291.55880259213
1489,196282.66085630245
1490,214947.8267594359
1491,189629.08837984354
1492,94096.45578745782
1493,151811.78969624266
1494,303692.1233025929
1495,276285.19681463233
1496,212741.23705855373
1497,242989.37514324355
1498,161171.9676367355
1499,162976.71270065499
1500,154315.32547027132
1501,168669.90968476408
1502,148009.60103086394
1503,269129.6898133126
1504,223803.5485274306
1505,206512.66997309518
1506,186825.8239512323
1507,243426.1848185681
1508,192489.03486640367
1509,163076.59033237732
1510,140640.50047749112
1511,127905.00143597733
1512,168793.07595396976
1513,138983.66539320743
1514,178371.8517714798
1515,193201.7347318014
1516,143244.03936130417
1517,165428.32477734747
1518,120786.51810396135
1519,218155.86695487102
1520,115608.37478289712
1521,122151.30455847274
1522,151530.90264218955
1523,112456.5413213046
1524,120599.71334120343
1525,126688.96035858449
1526,115406.0280053333
1527,88246.99179882825
1528,150034.99050628135
1529,130990.70104280359
1530,173399.44266412198
1531,119731.21341760663
1532,104754.63467579763
1533,127908.45574780999
1534,124063.71388576106
1535,141062.44182685076
1536,115884.13296277254
1537,70235.41065224969
1538,189663.12526516433
1539,158261.20163695872
1540,96508.49970101021
1541,134211.50919029975
1542,150087.13623443057
1543,228147.0231603272
1544,88698.48978888117
1545,113124.73099662842
1546,124049.10982157255
1547,120325.91782987007
1548,140285.96483206222
1549,101551.02302271315
1550,125812.29070769304
1551,105644.54691953213
1552,142480.16176125687
1553,125186.72735003351
1554,103622.76214541428
1555,166310.21039575126
1556,82108.12264048465
1557,104294.78892561364
1558,113826.45696293062
1559,100929.05023046627
1560,113234.37588693087
1561,132024.65407907698
1562,114261.42806167084
1563,111867.06289259676
1564,153447.56085825086
1565,136235.90976165203
1566,263573.40370226715
1567,77253.23118894556
1568,205439.489488093
1569,142597.53196705907
1570,136210.7052417173
1571,115407.57120930614
1572,139443.89714983298
1573,229179.778761256
1574,107954.02347064065
1575,262094.84197634397
1576,261977.48907023034
1577,171202.400749275
1578,135058.45458130556
1579,124118.65789688201
1580,182385.17510273025
1581,155594.84995295323
1582,118165.99454186669
1583,305942.39067572757
1584,209773.43642689622
1585,141243.5132602229
1586,66146.24377318146
1587,103133.45916648937
1588,136969.57868675294
1589,99248.60673413222
1590,130654.51772852823
1591,102616.01296858021
1592,112777.07947434828
1593,121974.3196598554
1594,123197.43362940174
1595,107027.25340390777
1596,190175.20350811593
1597,163968.16708625905
1598,199931.31822683802
1599,182201.3855459933
1600,172937.24916682055
1601,64005.13703989665
1602,104554.80691562372
1603,79705.93865903639
1604,247570.16383834064
1605,221785.42755117326
1606,168083.62296531166
1607,155863.73104944985
1608,209362.9037124941
1609,182056.26798148794
1610,143258.90069933893
1611,133571.06188313034
1612,165591.142235469
1613,150848.3480105517
1614,113242.79788017206
1615,96774.62015432832
1616,91462.6339708486
1617,103074.35145761212
1618,119325.70700117262
1619,132456.1519143663
1620,138843.37191334795
1621,133664.70591471717
1622,149414.35127945658
1623,267288.3992396792
1624,195516.29507522346
1625,117056.29405269441
1626,161978.9357416828
1627,183046.18057995016
1628,254477.11666407593
1629,169039.47129847144
1630,354969.3184974878
1631,211208.35059346518
1632,244162.11713435344
1633,162989.7899208887
1634,177977.3201358124
1635,171405.27239219347
1636,143761.95842958978
1637,185968.60722035868
1638,197488.0837049427
1639,175499.9264599931
1640,272102.62408682593
1641,168167.65887263918
1642,180029.2890837751
1643,195149.2452447104
1644,202707.56272080357
1645,208906.40172258046
1646,153283.7774599443
1647,152793.9231682775
1648,118022.93059254445
1649,136724.63314558173
1650,108043.9831837772
1651,111172.82123345474
1652,97650.96844749723
1653,106269.87775565323
1654,143437.10250884795
1655,133472.1385823383
1656,139415.49755033923
1657,143847.57540371746
1658,141429.43819899156
1659,125496.11167355329
1660,134892.44212700098
1661,425733.89011351275
1662,354981.1804191914
1663,353100.46271604515
1664,511303.70481202164
1665,289039.66557938623
1666,311655.4078861498
1667,347953.96391239157
1668,308571.46035783563
1669,287621.09469338256
1670,300824.0997022998
1671,255490.8902112671
1672,439800.0669111669
1673,274067.14616763865
1674,237142.4855899774
1675,176982.40737268582
1676,176913.59503229932
1677,207685.42237478722
1678,517217.7481641434
1679,360831.10767307424
1680,328814.38847540534
1681,235227.68435233916
1682,298813.33610901603
1683,175250.30968066448
1684,162132.77065109112
1685,157596.30332108983
1686,157039.06680830996
1687,157015.39062905737
1688,175084.17258043558
1689,180768.8791975002
1690,188719.6076536579
1691,179852.77906874008
1692,224064.83130947416
1693,156630.99181413482
1694,173649.9560871745
1695,155387.86993882828
1696,244288.17752670211
1697,163418.58550079053
1698,336034.40983365296
1699,300199.49155187496
1700,244466.7488684329
1701,267173.8861586202
1702,243384.06227180775
1703,237787.75793858204
1704,268944.5173263113
1705,211155.39766354352
1706,430704.04543201154
1707,202154.48245244438
1708,193353.68665340284
1709,259245.43421456707
1710,193981.52973539763
1711,242637.66397081377
1712,247104.0447431934
1713,251348.36673704485
1714,223460.32043101295
1715,190496.09604233754
1716,189001.1386821397
1717,170106.80180656357
1718,155287.89165555628
1719,200106.0549103942
1720,232155.40653890194
1721,156388.55187177923
1722,140578.0382736976
1723,148714.16843224913
1724,207229.38159096427
1725,217318.12357705814
1726,181260.77352995978
1727,161548.63276417542
1728,166203.70138651633
1729,165793.29881268
1730,136393.6066206505
1731,103523.87400723077
1732,124126.29605864595
1733,106734.49014689148
1734,115898.01117496038
1735,122038.97237869655
1736,99451.12122231325
1737,367942.0064281002
1738,251072.81822879423
1739,212738.93752984682
1740,206062.39020551203
1741,173224.2854997228
1742,174965.5924221988
1743,169944.08469166706
1744,356229.6259316672
1745,208055.11544342217
1746,247792.01020501126
1747,217953.69671992504
1748,208610.6365100462
1749,144168.00752085054
1750,131599.406518412
1751,245235.6570589386
1752,104079.17378003213
1753,138781.4845567323
1754,198246.46246455467
1755,165333.62558484913
1756,117410.70791326882
1757,110861.42549499049
1758,135418.34456246794
1759,153161.58847231523
1760,157820.50296827088
1761,132520.07498296385
1762,185803.0283228572
1763,162834.64639256595
1764,112828.82981873062
1765,185951.96477807293
1766,185502.6832056697
1767,242323.54172392076
1768,135046.57316065967
1769,169677.25107127204
1770,160441.1831236719
1771,128650.29565545495
1772,135788.5094349299
1773,128257.69586352985
1774,116125.60151240458
1775,134290.29249136697
1776,119940.30175526804
1777,106346.25403314951
1778,138044.58703145862
1779,114124.30830673907
1780,172818.68593235253
1781,119230.23960451302
1782,84971.82148029101
1783,119483.8045085609
1784,98757.04948297798
1785,101605.78228913544
1786,164017.18898350635
1787,139637.53789138174
1788,72373.77446444893
1789,87648.73505303318
1790,79366.29249888888
1791,174000.6794100383
1792,165236.97749590166
1793,106977.7155556734
1794,141933.58962069912
1795,121714.09123115886
1796,112187.82621251029
1797,116973.62398065126
1798,113824.89884757512
1799,111018.25330428654
1800,120305.55381982621
1801,130807.86451370447
1802,123200.55900497852
1803,141797.9095047009
1804,132794.8936250649
1805,131321.49342732143
1806,121346.1196551119
1807,153678.4499764315
1808,114582.11834231191
1809,116821.93854338299
1810,133791.9360099245
1811,95078.51202393563
1812,97606.13429669203
1813,120427.06189071308
1814,86706.55637451423
1815,55244.796429255905
1816,96988.19144822106
1817,107753.30014380642
1818,155232.94059657634
1819,114280.87127792623
1820,70651.55234006312
1821,98193.82385421476
1822,120312.95114121959
1823,65784.57586979169
1824,129150.81731072541
1825,119301.16103996831
1826,91335.90430473509
1827,92384.41270745643
1828,125404.98964358261
1829,93757.58446895966
1830,128499.84815231548
1831,144396.48448713825
1832,78709.13099060241
1833,135675.8744189582
1834,127576.67375325866
1835,154176.69016635203
1836,138385.97014697338
1837,83492.92403525041
1838,136877.97261510184
1839,94992.47327762238
1840,157951.39615046635
1841,136440.4570626886
1842,92346.13461330444
1843,115678.3167877939
1844,119501.91167714295
1845,140537.4993166423
1846,132385.96089952925
1847,151888.7728049444
1848,61821.40935540642
1849,98184.19751293572
1850,123861.46621816652
1851,155340.8634033325
1852,115556.21720399623
1853,126439.82116728755
1854,182683.27232812962
1855,138919.2084091905
1856,223278.16344317037
1857,151228.81039274027
1858,109848.7424140754
1859,105598.71207966833
1860,131878.66161666135
1861,105518.67945105628
1862,287086.70046637865
1863,279307.18963256717
1864,279450.8611372788
1865,313234.08533852105
1866,312710.29264944134
1867,210565.85157465373
1868,285882.84966091206
1869,186717.1160077377
1870,226600.24298995608
1871,229600.91748734616
1872,156835.95289613807
1873,236934.6889326918
1874,136500.07573965323
1875,227517.38953004288
1876,184899.45230095726
1877,212172.6101608811
1878,191546.33069032483
1879,115873.47648697036
1880,128098.50130072917
1881,232714.06767892855
1882,229766.73536036734
1883,180906.13999103193
1884,199664.1371354228
1885,245509.09954936625
1886,270050.1711277196
1887,204179.88207514267
1888,267962.8829361266
1889,152543.01751820376
1890,122915.3369364249
1891,150281.02865156083
1892,89342.85945126956
1893,146173.38267628622
1894,138043.28427903305
1895,122216.32553239945
1896,122113.09578903746
1897,95926.15812810634
1898,124174.41670479464
1899,123937.05950429194
1900,132780.22221295378
1901,148643.22649835807
1902,140543.38193330818
1903,191189.9594081818
1904,112374.61559519485
1905,174959.65890142837
1906,131621.81484817865
1907,177435.60601751995
1908,103290.97360357038
1909,123401.86547575309
1910,112445.71438809458
1911,198771.69691641774
1912,297440.2953369632
1913,157290.23770068845
1914,68107.03851572197
1915,275361.7333547553
1916,61093.87973132031
1917,220726.47484608938
1918,143939.4851215833
1919,184811.34191357577
1920,162441.10044434524
1921,393079.9301355596
1922,310549.0632992116
1923,205792.9271699773
1924,218182.89959418902
1925,206761.4850934468
1926,369471.6024628306
1927,126677.6185708713
1928,143258.01544036847
1929,122217.23370516296
1930,136063.9759265632
1931,131511.13928299883
1932,140329.53208078613
1933,157548.84772659364
1934,172963.8346073921
1935,158320.34587734763
1936,183448.53889690863
1937,181722.8010493816
1938,172192.14209711397
1939,213736.61278569474
1940,193424.40651905394
1941,161280.72768044777
1942,181202.73547847057
1943,212973.3663171023
1944,290398.0533177676
1945,350534.238296976
1946,141196.8059922352
1947,304318.03403982555
1948,150217.8773161095
1949,231450.57602464687
1950,189646.7107658156
1951,245537.12507864248
1952,188089.42011168323
1953,160674.70379223267
1954,188925.86127199332
1955,124712.07223630315
1956,315602.4210575609
1957,147569.7116265429
1958,300008.5658215216
1959,133508.29795421872
1960,108718.15521705351
1961,112951.73568957036
1962,94736.53054002437
1963,105095.26467012556
1964,106004.4354178169
1965,143406.2326926034
1966,143142.50760486003
1967,294733.65394192765
1968,395530.87171407195
1969,354802.97157803917
1970,377469.1321855896
1971,483612.0937942258
1972,333852.01015657006
1973,239730.6883947677
1974,289296.4816705099
1975,303281.22723306617
1976,261849.91446819354
1977,342473.796740671
1978,311328.05632499594
1979,323297.6290485757
1980,193167.50477007474
1981,348030.66955892066
1982,212435.0946723693
1983,194094.88689287653
1984,160291.85542637593
1985,219395.02239452835
1986,218872.5362071254
1987,167092.961468429
1988,164858.74705226364
1989,177566.3724311925
1990,194699.1391521442
1991,233580.1331478265
1992,203510.33858485255
1993,151791.83847952564
1994,217859.42600897557
1995,176016.0605897065
1996,250898.2603658886
1997,296018.0861884122
1998,343273.7223432393
1999,294353.78560552193
2000,312551.1463259697
2001,260285.88120525636
2002,222197.02689988556
2003,237862.8585515888
2004,257494.6157823564
2005,208336.77733031285
2006,212706.8438192382
2007,236468.21203269355
2008,210070.06311170047
2009,184110.57801013414
2010,192051.36025940438
2011,164665.25204368407
2012,169113.83054075544
2013,164029.3683431066
2014,177283.8247927368
2015,192498.1567754846
2016,183135.28798959168
2017,188405.58913942843
2018,99721.79616828705
2019,131405.9200951125
2020,88792.79969219616
2021,106451.50405971578
2022,184794.98620188443
2023,144580.1236670864
2024,261267.89698648296
2025,343649.1178617816
2026,169046.17981740687
2027,153486.64983416363
2028,152164.67566241504
2029,141860.0820152657
2030,265251.32584330876
2031,231174.54641801908
2032,233982.71213523252
2033,249201.62803290802
2034,155170.28630056995
2035,200007.91302729066
2036,186697.14737151327
2037,188954.13232511556
2038,281579.56583192066
2039,218650.846914506
2040,269196.4254735804
2041,296064.4955573869
2042,189207.5579622468
2043,178344.4748975206
2044,171285.9049851186
2045,214772.44730994332
2046,122041.51285019447
2047,139400.29086172325
2048,125457.6721382131
2049,136367.37712203056
2050,184872.6811795474
2051,103319.59795506425
2052,114745.15954750143
2053,142298.25069150171
2054,79438.71248079713
2055,149545.8856533813
2056,137296.7728410496
2057,98818.5969006081
2058,218469.21167974093
2059,120949.16088667845
2060,184661.94900311573
2061,179800.51416966013
2062,128194.59785325573
2063,99139.06698311304
2064,131555.7338811112
2065,101244.56853133273
2066,154877.20683022033
2067,99269.53621495822
2068,136355.6475417017
2069,86493.65490516444
2070,101545.85541234455
2071,86395.15403869633
2072,115342.11609910111
2073,135979.909861309
2074,198025.11918011768
2075,139728.02528337904
2076,108010.79987000617
2077,136785.01619401012
2078,110803.05399269544
2079,123296.68651716918
2080,133493.03828151224
2081,124802.55559380646
2082,126755.70574896605
2083,133809.88589620264
2084,102691.09965275835
2085,107942.28079740563
2086,134158.79910089454
2087,110906.61130320419
2088,93559.64464833685
2089,85367.36156272463
2090,122343.11880606515
2091,94836.98049808283
2092,108367.24768827227
2093,123712.49556745127
2094,109176.3604968853
2095,139288.16804413463
2096,82553.46396568921
2097,87678.54544066273
2098,140357.3104643558
2099,54253.11332613791
2100,84857.80534534265
2101,118308.4743968795
2102,129987.081292492
2103,97379.08150576302
2104,139056.85564377412
2105,108473.19523414107
2106,64092.954608015796
2107,212527.66505623478
2108,115805.7483546991
2109,107832.02477127955
2110,121765.94753273136
2111,149733.91966366227
2112,129299.94391474011
2113,120309.11477204361
2114,112650.1212555442
2115,155698.78196328293
2116,106739.67411635829
2117,132640.78958359588
2118,115240.79845456529
2119,118210.62270590676
2120,120072.98662376683
2121,102333.51737189446
2122,102915.71185264915
2123,90480.40333139032
2124,143401.28515854073
2125,122082.67008579477
2126,111489.65938429837
2127,154575.16389321556
2128,116347.08591391043
2129,81625.87648308648
2130,156682.46360075576
2131,167191.152646093
2132,100431.42804340801
2133,110144.94705284134
2134,123879.42880384508
2135,81095.66264626455
2136,78740.98396263958
2137,112049.58110383713
2138,135229.62783025796
2139,133088.11729888048
2140,138189.19303038242
2141,135062.28971696823
2142,108261.53730359582
2143,124681.42350290633
2144,76357.23334104783
2145,137062.0526916863
2146,160883.37076702752
2147,115767.89871794521
2148,107569.21701063532
2149,122060.86750116757
2150,214317.62199105072
2151,113440.30828653324
2152,179969.91298220586
2153,191530.8478514354
2154,116290.80325257542
2155,135091.20480766505
2156,270987.3708901134
2157,232961.62180387485
2158,226796.86382350326
2159,197217.97656137773
2160,169800.15419811045
2161,230937.20771668627
2162,395196.065148764
2163,350729.55610828195
2164,232252.93512159903
2165,191109.92113729616
2166,140916.8995280694
2167,211482.4090926474
2168,190375.74879562279
2169,185924.1745369718
2170,215058.31670612737
2171,149305.1665322133
2172,121670.96066381078
2173,174839.11892011345
2174,212758.80886051027
2175,281565.15251447656
2176,289199.1726126687
2177,215838.77185480774
2178,203148.09241892234
2179,151254.49287133457
2180,214085.57347577246
2181,182182.05638180417
2182,236094.34034405014
2183,183958.17636805592
2184,128279.28874587221
2185,114146.10731225056
2186,141634.93496766654
2187,145587.56958660315
2188,150392.97667518439
2189,291991.5510648563
2190,72338.84292220032
2191,115313.07282657994
2192,98864.18401102477
2193,99711.03782718761
2194,106290.57858046357
2195,80995.4745565837
2196,95393.99260176142
2197,120835.55765634541
2198,147658.89926218716
2199,143939.67782937066
2200,133586.17075048378
2201,110811.08695725085
2202,190781.041071827
2203,128773.14651347739
2204,166198.56305582705
2205,113825.71644583197
2206,122741.11476305379
2207,183340.1093592146
2208,247666.96224632426
2209,194370.31142139042
2210,113261.18090422523
2211,115925.03048036262
2212,127430.91057481081
2213,105291.51734556333
2214,123565.3613163872
2215,97679.24861436813
2216,149427.30625492366
2217,60892.482711882476
2218,85919.61097773974
2219,92400.86510731588
2220,83562.2503987123
2221,275554.1250858616
2222,235116.78999201566
2223,283105.8117336377
2224,191886.77387297788
2225,121246.43713409771
2226,194744.78166971187
2227,198609.83253644058
2228,264729.9860275612
2229,257954.92810172742
2230,140549.27129270884
2231,203570.82622316593
2232,184081.00849770565
2233,162243.33278221128
2234,235895.0295001192
2235,217902.24483451352
2236,274119.55187195214
2237,331147.34406439046
2238,212435.77209206292
2239,140586.30302109057
2240,174344.3361610352
2241,149422.97790045265
2242,125046.10391623776
2243,127313.76183426473
2244,106955.7611522301
2245,93222.22415913176
2246,142356.81889173744
2247,116104.92003825588
2248,119843.79722985702
2249,122981.66063685238
2250,127096.44729992513
2251,94414.63570832409
2252,172262.6117405283
2253,145172.57262012345
2254,169214.54141328824
2255,188117.63812870014
2256,171959.77857319624
2257,200413.18038476192
2258,154780.86513067674
2259,169486.67619188514
2260,145045.99356070353
2261,186709.9671285453
2262,219077.44677543195
2263,324031.684327531
2264,501598.3249021895
2265,160305.99468088092
2266,294878.70767558535
2267,369909.6491340876
2268,410293.22896554007
2269,155303.48431416892
2270,193987.8694900373
2271,215619.51550881923
2272,207315.89379657514
2273,169400.41300778746
2274,176886.53434445005
2275,157171.82626711583
2276,179449.1661763112
2277,200707.71106082317
2278,141949.2176712107
2279,106194.38192361323
2280,105498.2161618358
2281,161338.4274019774
2282,190567.96586035794
2283,113516.45659643126
2284,105277.44544008106
2285,155930.48692712226
2286,110978.30601184272
2287,338337.2922880894
2288,271298.0787032862
2289,337339.0635976877
2290,415024.6183134482
2291,311138.69545483054
2292,411330.06148728996
2293,443888.00628963206
2294,332567.112686442
2295,485781.02972785215
2296,297136.04222063674
2297,287791.39089366025
2298,324645.82992514665
2299,315577.21723077697
2300,313063.2527179216
2301,269973.23007598973
2302,244485.8102110827
2303,240657.10943396465
2304,236023.5291370227
2305,179625.66852247994
2306,170894.8178797304
2307,181098.38965525205
2308,200814.55540522333
2309,269743.70438211627
2310,203487.7320544677
2311,195316.3030633484
2312,182892.8537245556
2313,150051.70535112848
2314,161283.25619681927
2315,167548.57761778057
2316,187912.5713878893
2317,195617.4945185047
2318,166659.39055419984
2319,176766.22931546473
2320,198673.0857093292
2321,230797.29976232705
2322,167217.87541028904
2323,184527.14520246047
2324,165711.69137065895
2325,207348.3998928789
2326,163588.9904128628
2327,182112.61845129592
2328,205866.74472948367
2329,183802.87094107442
2330,174782.5263029184
2331,337275.2177930881
2332,361647.88319970935
2333,302566.54170149245
2334,239514.22197370994
2335,264032.6368803489
2336,295079.24874206074
2337,222133.39646364065
2338,272963.432341951
2339,199743.52735625932
2340,393205.48115541216
2341,237353.75927905383
2342,229751.51539648138
2343,210383.61021443046
2344,195999.22172274225
2345,212929.53636487862
2346,207613.7506860928
2347,198011.74745773192
2348,234084.72050462352
2349,185194.39556278798
2350,257191.166905815
2351,237898.71630747325
2352,247644.24329936877
2353,223074.80252955845
2354,165353.4878235454
2355,162727.54387579733
2356,140621.22691849177
2357,189883.9134901698
2358,188252.36752287095
2359,141808.19405850736
2360,104703.25771075783
2361,137135.80752888572
2362,273380.2117349108
2363,121808.69232761225
2364,147396.97583397685
2365,208158.25359249432
2366,189823.77552118522
2367,229155.5163054589
2368,219426.94971555992
2369,226732.53315410402
2370,146898.05309278917
2371,159228.7946803767
2372,182197.36263717827
2373,256127.38726327845
2374,275566.39237043314
2375,247701.69222505135
2376,302559.2150064847
2377,328086.6538109318
2378,130495.65436263003
2379,207227.15039116258
2380,143572.21653434145
2381,165330.31942723674
2382,212108.43551312215
2383,206660.90200251222
2384,236414.70216882674
2385,155835.84607910766
2386,124580.50795227973
2387,134169.5788439898
2388,93083.03003594175
2389,111253.25599199887
2390,127826.75217267752
2391,120361.17338964144
2392,107020.22730599166
2393,152221.90370791865
2394,124300.08312325426
2395,193484.14012857713
2396,133040.1645654646
2397,216315.33073975059
2398,121530.26112297417
2399,75108.74959631759
2400,74155.87336777335
2401,100680.64118801642
2402,121356.93477778079
2403,123001.47824718553
2404,141969.986394673
2405,150500.9884337036
2406,148255.14768156028
2407,102810.70693474943
2408,129809.98287689759
2409,87709.08761571864
2410,174433.66244367237
2411,117963.51966574676
2412,160533.86797732217
2413,131623.16596916754
2414,131173.0114348625
2415,109176.21556248303
2416,115982.29256253374
2417,136756.9934157531
2418,129868.69355184348
2419,123568.84825202996
2420,113572.78065187015
2421,73282.10237150184
2422,119318.16776569319
2423,116045.07937203543
2424,153442.75528808506
2425,207614.4973827554
2426,120558.99834454745
2427,114435.72115094494
2428,177642.5329723252
2429,107356.85769910307
2430,128184.39770284202
2431,105163.42359083991
2432,140279.26543925484
2433,145587.54407173322
2434,137833.57756701918
2435,147486.90717809374
2436,100915.08136410324
2437,100418.23918617991
2438,123958.09440470074
2439,95096.2178989686
2440,112145.60471710212
2441,106081.39932940596
2442,90161.15847225717
2443,114149.64465309144
2444,112584.25912387899
2445,84839.4717906052
2446,116228.07137393836
2447,172956.75220769565
2448,145071.08519792344
2449,91710.48274996594
2450,150429.06028663542
2451,116865.91685267424
2452,207458.97173805183
2453,91657.41115348
2454,103472.60811813365
2455,107421.91699208244
2456,140353.04239892593
2457,128342.5573834234
2458,123386.16535387479
2459,100955.86572909263
2460,122692.6364543517
2461,112269.3103958141
2462,114199.07693935878
2463,104848.35312970915
2464,192002.17966663765
2465,122219.8736395917
2466,95461.27831126594
2467,147110.15727080966
2468,90049.75788066271
2469,81669.54937667355
2470,196598.5357905225
2471,224017.78884779426
2472,161166.75440172033
2473,114695.48045908709
2474,73019.09579946243
2475,243199.62390487985
2476,128743.0964303596
2477,130724.44090070242
2478,146869.16511324263
2479,105856.5599130244
2480,125615.71783753559
2481,109840.06900911633
2482,120734.46422966509
2483,102953.66978740989
2484,100562.16025202074
2485,124972.73882645709
2486,137557.85759681888
2487,200624.41472584216
2488,148692.70596151077
2489,151693.5547053352
2490,138814.68213935834
2491,83505.55167027832
2492,170462.88297541038
2493,136905.80068835433
2494,139050.29560614636
2495,95262.47638448144
2496,237314.21356200977
2497,159729.59531183957
2498,108979.53006995628
2499,86217.53149933282
2500,110935.96783320859
2501,146304.3274775234
2502,144013.05431286347
2503,85369.04133324347
2504,129513.51181452679
2505,206298.21650758962
2506,251830.562681177
2507,285729.5015595551
2508,254003.24020305526
2509,213475.87746704562
2510,204685.9236706398
2511,171598.66761892903
2512,195994.54285821773
2513,207673.59430229737
2514,298284.94500693644
2515,142023.42874289546
2516,172417.66165348343
2517,146389.9746216545
2518,151184.8857423426
2519,209551.36069417754
2520,183073.17189278814
2521,182759.78696550365
2522,211527.8999690497
2523,104508.63827177133
2524,125131.28190307581
2525,132123.573932432
2526,133811.63214483002
2527,118129.4603512271
2528,109623.77472746486
2529,117879.55709266223
2530,113756.61322970696
2531,239687.67003670972
2532,206968.81372929702
2533,187041.94871551613
2534,219159.92366356563
2535,294645.2301296102
2536,222653.65219969556
2537,222803.92307265566
2538,185283.68695935328
2539,186916.37130665765
2540,166671.23315670283
2541,167950.54852728578
2542,153331.81111602564
2543,102836.40796780758
2544,96213.2630742198
2545,134593.3354439263
2546,114646.56542003027
2547,137631.59535470602
2548,137139.9764749079
2549,157434.98753175404
2550,1819929.2143344504
2551,138464.07698355184
2552,133482.61766962177
2553,82669.30328738052
2554,99077.26743397748
2555,123476.65476803499
2556,93694.40223205503
2557,95167.02476437372
2558,157058.08926800732
2559,110149.34863702061
2560,139898.03827110224
2561,136756.85374876982
2562,126740.53167600221
2563,132107.9088097535
2564,161972.98603322913
2565,136292.9589958343
2566,130054.43243326373
2567,107755.12504953214
2568,177668.13637664609
2569,190345.56112207324
2570,109169.63257216902
2571,167177.21068618592
2572,168736.76093547384
2573,202063.32627010017
2574,161658.52105867185
2575,111245.86184794031
2576,105181.80377764086
2577,125973.36895192193
2578,78652.43081379222
2579,52953.24120807637
2580,109985.34170685265
2581,131060.45554235706
2582,114315.7991930371
2583,278600.3889923947
2584,190818.9324637583
2585,179503.01133121623
2586,229182.63215638828
2587,200738.1672003423
2588,139255.09360430494
2589,150574.88991325424
2590,217537.1374080884
2591,226143.97263724543
2592,220922.0788577558
2593,238025.47108886216
2594,180160.06244063622
2595,197629.21377179955
2596,282223.34715531353
2597,172415.5337741255
2598,259089.6014293207
2599,333343.36792540504
2600,123557.68263624207
2601,161562.56868053915
2602,86379.94772145872
2603,98704.41419695684
2604,101143.47222488954
2605,84051.44883054629
2606,131940.17927623342
2607,203722.05276052954
2608,176339.78526448397
2609,149716.44083742547
2610,116173.40273999605
2611,137070.68910351663
2612,145638.24985396574
2613,130901.1088105038
2614,121641.16916712307
2615,129621.2274857745
2616,146151.4412566758
2617,169571.87961625395
2618,188802.23291333922
2619,192921.69150202876
2620,175281.95887823435
2621,171415.72831509405
2622,177494.6474514841
2623,228168.8476968358
2624,298725.32193593914
2625,289901.53555020306
2626,173203.5781507305
2627,165606.3641036377
2628,422474.99794151005
2629,487446.6072806922
2630,347653.88215995353
2631,475818.92637307965
2632,393336.2379533274
2633,302357.03730621724
2634,419077.02168027544
2635,163501.05911505304
2636,175017.7743782277
2637,163242.23464061398
2638,208300.66004669556
2639,175009.21857884215
2640,152725.16750218347
2641,99499.89354645874
2642,223049.91047143404
2643,105166.01865208193
2644,108424.76567506167
2645,111493.20403059314
2646,97244.90927136676
2647,100643.73019676762
2648,144528.39265916374
2649,144470.32735360847
2650,150982.60288912008
2651,131698.98490255827
2652,434064.3940582441
2653,233984.58653974018
2654,257194.43884470596
2655,382751.8687436881
2656,310461.54806091584
2657,346444.2637401724
2658,278395.834984096
2659,279998.3713789876
2660,327940.7417468145
2661,337256.3130562041
2662,328114.2859143198
2663,289123.1548477255
2664,256162.13483868557
2665,335880.75776932406
2666,289923.17760220804
2667,158771.0327428569
2668,177088.67184909334
2669,185209.10155236686
2670,265790.9998120262
2671,192223.79338969747
2672,181455.07577157443
2673,198652.18547759447
2674,200167.60031001168
2675,165265.14878996598
2676,175967.91284539076
2677,196689.9270957166
2678,258714.6802524886
2679,242521.07248062943
2680,260652.4298107395
2681,367987.6720668882
2682,289072.65133094625
2683,460899.8732684349
2684,286978.6374791008
2685,339629.4979047448
2686,218674.27150017052
2687,290267.6901556725
2688,227977.56880875726
2689,201750.52719622484
2690,459140.1856969803
2691,170951.94239179304
2692,157324.86361170094
2693,202306.1568386299
2694,155773.51095276637
2695,191003.54726027083
2696,182238.99137751147
2697,182044.89500997323
2698,194154.8772904589
2699,184208.02718396237
2700,157535.86773970083
2701,139793.56289840696
2702,90140.6202506218
2703,121298.03158621723
2704,120537.71172305499
2705,118292.55976622479
2706,94752.90232284101
2707,102247.12605370504
2708,133344.42112725417
2709,112737.42741166322
2710,116757.79051946169
2711,333691.7051452043
2712,388810.9470156264
2713,156571.57190706037
2714,139591.00717578965
2715,171658.49134021453
2716,152775.11166817526
2717,197029.61465850004
2718,210236.53261158272
2719,144683.0400077917
2720,167299.9628976759
2721,126577.87859738988
2722,150038.61069822358
2723,142670.0429123976
2724,131142.58660601056
2725,122942.44710781875
2726,135801.33709357452
2727,149718.0003046734
2728,154376.79349314276
2729,139239.24053424032
2730,139749.10834199598
2731,123168.12104789694
2732,117090.24804305626
2733,151910.12357347118
2734,135439.78197637983
2735,112820.62002760646
2736,139827.9626095417
2737,113477.08637169478
2738,120994.10085170336
2739,153895.71347673333
2740,122049.69536273835
2741,144680.4431728896
2742,149730.78999097433
2743,141816.0432150163
2744,164508.28446143286
2745,145305.61212841858
2746,136028.7210750361
2747,138706.19259142538
2748,114879.25007028974
2749,119316.52734252243
2750,127290.93730201876
2751,132326.42902137266
2752,165393.29147321373
2753,137554.48808608178
2754,239013.926522044
2755,120379.11262375212
2756,84278.15608122063
2757,65532.76728751099
2758,82878.64548899111
2759,140163.71009247116
2760,127732.89292128225
2761,131894.21495421248
2762,113617.459368009
2763,196709.29889219202
2764,165703.74687432504
2765,294795.6432921445
2766,134559.11144403275
2767,72452.19802669181
2768,123619.47342969672
2769,124740.18707220185
2770,130674.92250523569
2771,100888.84228186795
2772,119960.84434529825
2773,148666.75738024135
2774,130414.74795856187
2775,120088.19808351988
2776,114407.63466490748
2777,109664.06205911537
2778,123465.3146491073
2779,101849.91544631775
2780,94925.76936460439
2781,95300.1495126379
2782,88736.1141035828
2783,96262.22813894511
2784,112722.18926140564
2785,117069.32737177201
2786,70555.42376742195
2787,146920.2003932283
2788,75190.04920085912
2789,147742.65139909319
2790,90639.12204344795
2791,102384.52171299484
2792,75397.91296596109
2793,169319.21170499304
2794,98541.88485152108
2795,105674.90413554553
2796,89518.71870298091
2797,193837.5740232658
2798,101996.0872909101
2799,110462.18567765894
2800,65990.52168329961
2801,99251.22376152371
2802,108538.51855256165
2803,148639.844275086
2804,125653.59692658941
2805,99460.87575433029
2806,76482.19322913657
2807,173553.70151623062
2808,130211.8723711162
2809,129410.63980997153
2810,125790.50479284595
2811,137797.22702374324
2812,146691.00892020582
2813,142796.66084791115
2814,146418.45759176026
2815,72210.88958784186
2816,232056.62907408384
2817,142636.06536015967
2818,122404.81999531633
2819,141861.42929292083
2820,128049.05722132066
2821,87113.87839758703
2822,162623.43942022344
2823,333189.3460608195
2824,150954.85188569943
2825,157732.71500735398
2826,114639.67728273556
2827,143259.9673848374
2828,217521.4237346101
2829,195967.3354626918
2830,226207.55784998418
2831,171412.77907094333
2832,244003.21850552873
2833,282043.0476452519
2834,216551.53632118987
2835,195157.84710556315
2836,183454.42301158945
2837,137650.54447602917
2838,143885.3374310872
2839,162406.0977303916
2840,201190.0119154988
2841,195303.99141442653
2842,221343.47887691043
2843,152206.17780129937
2844,163773.97291508465
2845,108996.01720727091
2846,198213.94078041802
2847,185931.62462052525
2848,222950.85042929
2849,193073.25380162487
2850,262346.1421111384
2851,221670.4240655195
2852,224125.387590398
2853,229810.85420626556
2854,139906.92692586794
2855,204733.91282611326
2856,200270.96262373409
2857,178458.46301780624
2858,213731.67700659615
2859,119341.4163478118
2860,141567.58571413867
2861,132330.89406642257
2862,179525.01546981535
2863,130954.53920808091
2864,208835.7462829827
2865,147632.46159894732
2866,136177.94876581713
2867,100364.81849526496
2868,100717.28456598666
2869,107770.67769336271
2870,112123.06547734924
2871,102853.19144512701
2872,55859.291597683965
2873,95135.70382421011
2874,144076.11087568713
2875,130071.50750558886
2876,158908.55732992847
2877,128022.49338924613
2878,165874.72796829973
2879,131110.84783731168
2880,105711.06467646452
2881,136919.4371404819
2882,157471.53902662676
2883,149122.70352730885
2884,164877.3844368942
2885,148603.63856887768
2886,216080.8576343556
2887,101034.69458848835
2888,112120.74214968026
2889,74620.70393856036
2890,76499.57286025483
2891,132073.86700106715
2892,64928.84005763033
2893,100230.33304864264
2894,77955.08005274505
2895,314449.88641421736
2896,258863.80268751606
2897,200211.52922846697
2898,143427.52866969488
2899,202552.46006199418
2900,157420.64333065806
2901,197228.71232133108
2902,190475.79524586632
2903,343655.04306004505
2904,356877.5661057273
2905,83736.38854214486
2906,206970.739059439
2907,108367.05530562194
2908,128866.97841333527
2909,130345.95978668792
2910,93168.48526064256
2911,94125.34069452388
2912,127941.41119871533
2913,93083.96466997112
2914,87920.39549399592
2915,93876.5221543428
2916,95959.90847443264
2917,167723.86278971934
2918,139435.10718925745
2919,227613.0023810764
